535.448 0.716761 534.664 322.397 236.693 

0.0891012 -0.201224 

0.932534 -0.360713 0.0163234 
0.107227 0.31981 0.941395 
-0.344794 -0.876132 0.336912 
-0.0612236 0.0444482 0.518377 

0.999323 -0.0317219 -0.0186157 
0.0328826 0.997293 0.0657707 
0.0164789 -0.0663383 0.997661 
-0.122769 -0.0598357 0.334677 

0.938912 -0.00818111 -0.34406 
0.040835 0.995304 0.0877691 
0.341726 -0.0964571 0.934837 
-0.054878 -0.0438958 0.501485 

0.979521 -0.0043402 0.201294 
0.0652025 0.95273 -0.29674 
-0.190491 0.303788 0.933502 
-0.0586991 -0.157971 0.394131 

