536.516 0.315979 536.157 322.666 238.929 

0.0740815 -0.206517 

0.942418 -0.334337 0.00815861 
0.303539 0.865336 0.39882 
-0.1404 -0.373379 0.916993 
-0.0382013 -0.130855 0.266787 

0.999251 -0.031136 -0.0229884 
0.0326954 0.996947 0.0709044 
0.0207105 -0.0716029 0.997218 
-0.122937 -0.0612053 0.334969 

0.939117 -0.00676049 -0.343531 
0.0396679 0.995254 0.0888549 
0.3413 -0.0970723 0.934929 
-0.0552629 -0.0459884 0.502266 

0.979455 -0.00356094 0.201632 
0.0660408 0.950375 -0.304017 
-0.190544 0.311087 0.931084 
-0.0590091 -0.159431 0.393612 

