535.54 0.435935 534.807 323.605 237.096 

0.0792349 -0.185975 

0.998813 0.0414587 0.0255812 
-0.0470467 0.684625 0.727375 
0.0126425 -0.727715 0.685763 
-0.0774128 -0.0680488 0.374018 

0.999318 -0.0313082 -0.0195765 
0.0325573 0.997213 0.0671266 
0.0174204 -0.0677182 0.997552 
-0.123526 -0.0600571 0.334495 

0.938355 -0.00740189 -0.345595 
0.0408451 0.995141 0.0895883 
0.343252 -0.0981815 0.934098 
-0.0560367 -0.0442791 0.501373 

0.979626 -0.00439423 0.200781 
0.0652884 0.952424 -0.297702 
-0.189921 0.304746 0.933306 
-0.0596513 -0.158216 0.393602 

