1318.5 6.37286 1368.69 797.928 600.533 

0.0360114 -0.0833038 

0.730436 0.682964 -0.00488619 
-0.306642 0.334332 0.891175 
0.610274 -0.649448 0.453633 
-0.176291 0.0447549 0.363749 

0.913811 -0.0226726 -0.405506 
0.0248055 0.999692 4.68735e-006 
0.405381 -0.0100631 0.914092 
-0.227728 0.0117247 0.458507 

0.922404 -0.003931 0.386207 
-0.0116923 0.999206 0.0380958 
-0.38605 -0.0396554 0.921625 
0.0202702 0.0194913 0.546211 

0.99939 -0.0121022 0.0327492 
0.010951 0.999324 0.0351075 
-0.0331519 -0.0347275 0.998847 
-0.208464 0.0135187 0.496827 

