535.036 0.602289 534.356 322.282 237.11 

0.0799514 -0.189598 

0.948213 -0.317269 0.0152792 
0.206635 0.652669 0.72892 
-0.241236 -0.688014 0.684428 
-0.0687878 -0.0738334 0.379682 

0.999299 -0.0315489 -0.0201737 
0.0328386 0.997201 0.0671635 
0.0179983 -0.0677789 0.997538 
-0.122699 -0.0600898 0.334167 

0.939045 -0.00787107 -0.343705 
0.0406968 0.995254 0.0883965 
0.341378 -0.096996 0.934908 
-0.054792 -0.0442914 0.500977 

0.979405 -0.00398006 0.201866 
0.0654025 0.952152 -0.298545 
-0.191018 0.305599 0.932803 
-0.0586534 -0.158224 0.39339 

