534.326 0.493344 533.677 322.6 237.224 

0.0806573 -0.204011 

0.89993 0.433928 0.0428073 
-0.328823 0.610905 0.720188 
0.286358 -0.662195 0.692457 
-0.0905984 -0.029901 0.332531 

0.999286 -0.0313899 -0.0210064 
0.0327512 0.997151 0.06795 
0.0188136 -0.0685895 0.997468 
-0.122895 -0.0601536 0.333686 

0.938982 -0.00764211 -0.343882 
0.0406865 0.995202 0.0889793 
0.341553 -0.0975413 0.934787 
-0.0551006 -0.0443997 0.500353 

0.979429 -0.00391135 0.201749 
0.0654258 0.951955 -0.299167 
-0.190886 0.306212 0.932629 
-0.0589149 -0.15828 0.392722 

