534.153 0.239149 533.619 322.801 237.912 

0.0657222 -0.16902 

0.998536 0.0494795 0.0218394 
-0.054082 0.91768 0.393622 
-0.000565363 -0.394227 0.919013 
-0.0949142 -0.0915518 0.249477 

0.999272 -0.0310892 -0.02209 
0.0325425 0.997099 0.0688017 
0.019887 -0.0694706 0.997386 
-0.123027 -0.0605591 0.333217 

0.938938 -0.00698285 -0.344015 
0.0404633 0.995098 0.09024 
0.341698 -0.0986498 0.934618 
-0.0553236 -0.0450501 0.499959 

0.979331 -0.00346466 0.202236 
0.065649 0.951168 -0.30161 
-0.191316 0.308653 0.931736 
-0.059133 -0.158711 0.391966 

