536.059 0.114088 535.317 321.439 238.685 

0.076922 -0.215088 

0.890412 0.453192 0.0422241 
-0.43279 0.814289 0.386815 
0.140919 -0.362699 0.92119 
-0.130086 -0.0576125 0.238397 

0.999301 -0.0311262 -0.0207018 
0.0324743 0.997134 0.0683342 
0.0185155 -0.0689587 0.997448 
-0.122179 -0.06103 0.334504 

0.93919 -0.00694206 -0.343328 
0.0397316 0.995278 0.0885632 
0.341092 -0.0968186 0.935031 
-0.0540555 -0.0457633 0.50158 

0.978839 -0.0029224 0.204611 
0.0659867 0.950992 -0.302092 
-0.1937 0.309201 0.931061 
-0.0581677 -0.159329 0.39366 

