1319.54 6.33643 1370.76 835.949 602.337 

0.0642932 -0.141162 

0.946495 -0.322525 -0.0111838 
0.166528 0.45843 0.872989 
-0.276434 -0.828143 0.487611 
-0.0544745 -0.0198648 0.467184 

0.904082 -0.0149833 -0.427095 
0.0276974 0.999338 0.0235716 
0.42646 -0.0331401 0.903899 
-0.242771 0.0113571 0.463967 

0.931534 0.000487716 0.363653 
-0.00695244 0.99984 0.0164685 
-0.363587 -0.0178692 0.931389 
0.00419793 0.0179084 0.541507 

0.999374 -0.0121161 0.0332315 
0.0111131 0.999482 0.0302023 
-0.0335803 -0.0298141 0.998991 
-0.222584 0.0128153 0.498254 

