1328.31 5.4844 1383.68 825.485 614.187 

0.099829 -0.17938 

0.874663 -0.484723 0.00276017 
0.234324 0.427799 0.872972 
-0.424331 -0.76291 0.487763 
-0.102154 -0.017875 0.463987 

0.912041 -0.0143858 -0.409846 
0.0225402 0.999632 0.0150718 
0.409478 -0.0229842 0.91203 
-0.24 0.00752005 0.471584 

0.931699 9.88254e-005 0.363232 
-0.00502095 0.999908 0.0126068 
-0.363197 -0.0135695 0.931614 
0.00871426 0.0135214 0.548241 

0.999018 -0.0129864 0.0423574 
0.0123628 0.999812 0.0149505 
-0.0425435 -0.0144122 0.998991 
-0.218699 0.00835818 0.503607 

