1339.48 6.40289 1390.19 839.848 604.341 

0.074168 -0.158128 

0.783814 -0.620996 -0.000410041 
0.301021 0.379367 0.87491 
-0.54316 -0.68589 0.484285 
-0.0304362 -0.0218293 0.473882 

0.901887 -0.0145412 -0.431726 
0.0272774 0.999356 0.0233235 
0.431109 -0.0328116 0.901703 
-0.243963 0.0106901 0.471272 

0.931476 0.00106436 0.363801 
-0.0057695 0.999913 0.0118468 
-0.363757 -0.013134 0.931401 
0.00254422 0.0170012 0.548255 

0.999215 -0.01187 0.0378064 
0.0107708 0.999517 0.0291473 
-0.0381341 -0.0287172 0.99886 
-0.223955 0.0121531 0.506138 

