1309.54 6.15496 1362.26 829.066 605.151 

0.069354 -0.144251 

0.98834 -0.151477 -0.0154768 
0.0873022 0.480456 0.872663 
-0.124753 -0.863838 0.488078 
-0.0871135 -0.000626514 0.429949 

0.907525 -0.0156726 -0.419706 
0.0264641 0.999452 0.0199016 
0.419164 -0.0291683 0.907442 
-0.240569 0.0104016 0.461291 

0.931516 -0.000297556 0.363701 
-0.00704054 0.999798 0.0188503 
-0.363633 -0.02012 0.931325 
0.00713343 0.0169904 0.539443 

0.999374 -0.0125953 0.0330547 
0.0117282 0.999585 0.0262975 
-0.0333722 -0.0258934 0.999108 
-0.220071 0.0117025 0.494871 

