1303.81 5.58455 1356.41 808.383 605.389 

0.0643721 -0.129668 

0.98177 0.189448 -0.0153969 
-0.0773812 0.472366 0.877999 
0.173608 -0.860802 0.478415 
-0.157774 0.0169641 0.403242 

0.91369 -0.0189098 -0.405971 
0.0246792 0.999655 0.00898055 
0.405661 -0.0182245 0.913842 
-0.232662 0.0102369 0.457808 

0.927704 -0.0030912 0.373304 
-0.00931184 0.999463 0.0314172 
-0.373201 -0.032622 0.927177 
0.0159778 0.0174323 0.540924 

0.999345 -0.0125518 0.0339454 
0.0116701 0.999593 0.0260492 
-0.0342585 -0.025636 0.999084 
-0.212365 0.0116233 0.492587 

