1352.07 6.38594 1398.03 833 593.831 

0.0366972 -0.100972 

0.751183 0.660079 0.00447288 
-0.320315 0.358584 0.876821 
0.577168 -0.660086 0.480795 
-0.084254 0.0380639 0.36949 

0.901202 -0.0176514 -0.433041 
0.0288743 0.999396 0.0193534 
0.432437 -0.029945 0.901167 
-0.24018 0.0141742 0.4705 

0.926446 0.000550557 0.376427 
-0.00939849 0.999721 0.021669 
-0.37631 -0.023613 0.926193 
0.00531946 0.021241 0.551935 

0.999308 -0.0105367 0.0356846 
0.00900541 0.999043 0.0428028 
-0.0361015 -0.0424518 0.998446 
-0.221291 0.0162282 0.508791 

