1308.51 6.13391 1360.56 805.533 602.769 

0.0478752 -0.100407 

0.932356 0.361274 -0.0139427 
-0.158462 0.443006 0.882403 
0.324966 -0.820504 0.470287 
-0.191474 0.0219047 0.399978 

0.91398 -0.0206096 -0.405235 
0.0247796 0.99968 0.00504652 
0.405002 -0.014654 0.914198 
-0.231261 0.0110806 0.457636 

0.926002 -0.00301759 0.377505 
-0.0101717 0.999406 0.0329395 
-0.37738 -0.0343419 0.925421 
0.0170875 0.0184524 0.542126 

0.999404 -0.0125613 0.0321532 
0.0116148 0.999499 0.0294563 
-0.0325071 -0.0290653 0.999049 
-0.211318 0.0125847 0.493582 

