1304.14 6.50391 1355.45 824.045 602.181 

0.0572645 -0.124734 

0.999585 0.0219224 -0.0186771 
0.00583134 0.48102 0.87669 
0.0282033 -0.876435 0.480693 
-0.0944541 0.0104548 0.413519 

0.908813 -0.0164853 -0.416878 
0.0265961 0.999476 0.0184568 
0.416355 -0.0278611 0.908775 
-0.238515 0.0114027 0.457954 

0.929896 -0.0012241 0.367819 
-0.00861422 0.999648 0.0251047 
-0.367721 -0.0265133 0.929558 
0.00923962 0.0183149 0.537857 

0.99945 -0.0123924 0.0307558 
0.0114644 0.999479 0.030168 
-0.0311136 -0.0297988 0.999072 
-0.218235 0.0128449 0.492286 

