1332.02 6.71529 1379.43 799.462 596.207 

0.0241711 -0.0718666 

0.790891 -0.611949 0.0030447 
0.272325 0.356403 0.893765 
-0.548024 -0.706042 0.448525 
-0.0792808 -0.00737112 0.475254 

0.910794 -0.0232199 -0.412207 
0.0260567 0.99966 0.00126227 
0.412038 -0.0118904 0.911089 
-0.227583 0.0131251 0.460937 

0.920088 -0.0036813 0.391696 
-0.0127788 0.999142 0.0394076 
-0.391504 -0.0412638 0.919251 
0.0195202 0.0211276 0.549874 

0.999377 -0.0113332 0.0334142 
0.00989128 0.999026 0.0430066 
-0.033869 -0.0426493 0.998516 
-0.20899 0.0152711 0.501312 

