<?xml version="1.0"?>
<opencv_storage>
<calibration_time>"Sun Mar 24 18:58:36 2013"</calibration_time>
<nframes>14</nframes>
<image_width>1600</image_width>
<image_height>1200</image_height>
<board_width>9</board_width>
<board_height>6</board_height>
<square_size>22.</square_size>
<flags>0</flags>
<camera_matrix type_id="opencv-matrix">
  <rows>3</rows>
  <cols>3</cols>
  <dt>d</dt>
  <data>
    1.3304479850993566e+03 0. 8.1925129148813471e+02 0.
    1.3290483123549550e+03 5.5096732315473776e+02 0. 0. 1.</data></camera_matrix>
<distortion_coefficients type_id="opencv-matrix">
  <rows>5</rows>
  <cols>1</cols>
  <dt>d</dt>
  <data>
    5.3049382516541385e-02 -8.3096662051120498e-02
    -1.1345776472333211e-03 2.5208106546648732e-03
    -1.2073151061566005e-01</data></distortion_coefficients>
<avg_reprojection_error>1.0985849695280732e+00</avg_reprojection_error>
<per_view_reprojection_errors type_id="opencv-matrix">
  <rows>14</rows>
  <cols>1</cols>
  <dt>f</dt>
  <data>
    5.45504212e-01 3.61129731e-01 8.00110042e-01 9.20939624e-01
    1.26047659e+00 1.09628808e+00 6.76421583e-01 1.14488792e+00
    1.54841137e+00 9.61655200e-01 1.04617167e+00 1.82558811e+00
    1.37090731e+00 8.90052855e-01</data></per_view_reprojection_errors>
<!-- a set of 6-tuples (rotation vector + translation vector) for each view -->
<extrinsic_parameters type_id="opencv-matrix">
  <rows>14</rows>
  <cols>6</cols>
  <dt>d</dt>
  <data>
    -1.2938799484520644e-01 -1.5209442591905195e-01
    -3.1355963189601970e+00 3.6980952100171528e+01
    -3.9411567421669069e+00 3.5371926409024195e+02
    -2.7752241424727131e-01 -2.2145135874136809e-01
    3.0485801841096647e+00 -3.1358021743775186e+01
    -4.4194643059221370e+01 4.7199703272977592e+02
    -3.1892443164497153e-01 -1.2764641371162055e+00
    2.8551083554281935e+00 1.5291668801058167e+01
    -3.7886685112214657e+01 4.9126183697055131e+02
    -1.3802977670430399e+00 -7.0504025106894241e-01
    2.6611991742239649e+00 -1.4005996518953477e+01
    -6.0777028898703271e+01 5.2914545505227011e+02
    1.7820505532453509e-01 -1.1048826761474433e+00
    2.9025166631618302e+00 5.9141249908414778e+01 1.6239616070326559e+01
    2.9857879162853811e+02 -9.3126191512418910e-01
    -1.4890895208960620e-03 2.7680071650592728e+00
    8.2801749787563722e+01 -1.1295092489817600e+01
    3.6924326108363493e+02 1.3871372778710051e-02 8.5880396468278608e-02
    3.1153079432885162e+00 3.3785709281926664e+01 1.8867170164097168e+01
    2.7488027959515028e+02 -1.0179669567970719e+00
    -1.3719830781994194e-01 -2.7270953984441801e+00
    2.8972272693326460e+01 2.1590105251726104e+01 2.7083624192378829e+02
    4.6245257303914605e-01 1.5959834701127027e+00
    -2.4951236972084474e+00 3.6046261839764206e+01
    -6.7018518309718669e+00 4.0231607607960370e+02
    -1.7480434501285568e-02 1.8466080201426305e+00
    2.5111945746857067e+00 6.4151762187563378e+01 6.5794867437938393e+01
    3.9264352024096365e+02 -1.0008957366261000e+00
    -9.8795155575311311e-01 -1.3385798435870968e+00
    -8.2727366126106617e+01 9.0887283724896164e+01
    3.2778124607105474e+02 -5.4168419958304359e-01
    -6.9013192017391756e-01 -1.5649817896626022e+00
    -6.0704071545770795e+01 3.1775093984198605e+01
    2.0254205336034025e+02 -6.4956706922228158e-01
    -3.8413387405472854e-01 -1.3858189971908512e+00
    -1.0977302428989368e+02 -3.4286140959426952e+01
    3.6348702114830996e+02 -2.1418010366039644e-01
    -4.5963312346733384e-03 -2.6911308595422855e-02
    -1.0475765582889711e+02 -7.1071709580718093e+01
    2.4166136372150433e+02</data></extrinsic_parameters>
<image_points type_id="opencv-matrix">
  <rows>14</rows>
  <cols>54</cols>
  <dt>"2f"</dt>
  <data>
    9.57988403e+02 5.35771240e+02 8.75444031e+02 5.36379883e+02
    7.93723633e+02 5.36740234e+02 7.12493286e+02 5.37140076e+02
    6.32068665e+02 5.37421082e+02 5.52405823e+02 5.37829346e+02
    4.73329926e+02 5.38359680e+02 3.94978546e+02 5.38552917e+02
    3.16569092e+02 5.38652466e+02 9.57603333e+02 4.54445770e+02
    8.75499756e+02 4.55672607e+02 7.94506531e+02 4.56448242e+02
    7.13699158e+02 4.57145844e+02 6.33658264e+02 4.57526245e+02
    5.54168335e+02 4.58239227e+02 4.75874329e+02 4.59330750e+02
    3.98110535e+02 4.59663666e+02 3.20646973e+02 4.60557343e+02
    9.57392395e+02 3.73339539e+02 8.75563049e+02 3.74788727e+02
    7.95021667e+02 3.76473755e+02 7.14734192e+02 3.77485413e+02
    6.35402832e+02 3.78549957e+02 5.56460876e+02 3.79401764e+02
    4.78226471e+02 3.80432739e+02 4.01075806e+02 3.81548615e+02
    3.24065704e+02 3.82506317e+02 9.57346436e+02 2.92883545e+02
    8.75845703e+02 2.94836121e+02 7.95515991e+02 2.97052277e+02
    7.15630798e+02 2.98514130e+02 6.36472290e+02 2.99868011e+02
    5.58286865e+02 3.01276581e+02 4.80302826e+02 3.02475708e+02
    4.03288666e+02 3.03653595e+02 3.27545380e+02 3.05547882e+02
    9.57113647e+02 2.12983047e+02 8.76023071e+02 2.15706665e+02
    7.95678528e+02 2.18461487e+02 7.16447937e+02 2.20705521e+02
    6.37568542e+02 2.22399612e+02 5.59520203e+02 2.23739059e+02
    4.81343719e+02 2.25067719e+02 4.05081512e+02 2.26899582e+02
    3.30223755e+02 2.29779541e+02 9.56639832e+02 1.33604050e+02
    8.76143127e+02 1.36485870e+02 7.96332153e+02 1.39569321e+02
    7.16962097e+02 1.42528564e+02 6.38537170e+02 1.44656036e+02
    5.61242065e+02 1.47225098e+02 4.83406769e+02 1.48570023e+02
    4.07071991e+02 1.50523041e+02 3.32135132e+02 1.53550369e+02
    7.30298523e+02 4.26396667e+02 6.68426025e+02 4.30581482e+02
    6.05511719e+02 4.34795746e+02 5.41060120e+02 4.39226044e+02
    4.75560425e+02 4.43841919e+02 4.09114502e+02 4.48424225e+02
    3.41049469e+02 4.52818848e+02 2.72137543e+02 4.57561066e+02
    2.02054184e+02 4.62523682e+02 7.25908997e+02 3.63855194e+02
    6.63634338e+02 3.67611847e+02 6.00228577e+02 3.71454437e+02
    5.35261230e+02 3.75103210e+02 4.69363495e+02 3.79059265e+02
    4.01982635e+02 3.82958862e+02 3.33551392e+02 3.87139160e+02
    2.64273346e+02 3.91046722e+02 1.93816406e+02 3.95638336e+02
    7.21774353e+02 3.00033813e+02 6.58866455e+02 3.03344330e+02
    5.94715271e+02 3.06507294e+02 5.29264282e+02 3.09796844e+02
    4.62836151e+02 3.13036255e+02 3.95121857e+02 3.16491669e+02
    3.25736725e+02 3.20142273e+02 2.56325409e+02 3.23676941e+02
    1.85571655e+02 3.27709564e+02 7.17627319e+02 2.35009171e+02
    6.54220581e+02 2.37966278e+02 5.89284363e+02 2.40538483e+02
    5.23282959e+02 2.43476318e+02 4.56283691e+02 2.46334061e+02
    3.87825806e+02 2.48862793e+02 3.18260712e+02 2.52132385e+02
    2.48146423e+02 2.55224991e+02 1.77232544e+02 2.58675232e+02
    7.13451355e+02 1.69472549e+02 6.49073853e+02 1.71783966e+02
    5.83933594e+02 1.74380554e+02 5.17315186e+02 1.76472717e+02
    4.49577850e+02 1.78561386e+02 3.80804565e+02 1.81045105e+02
    3.10374176e+02 1.83457520e+02 2.39556396e+02 1.86347183e+02
    1.68585190e+02 1.89632126e+02 7.09064819e+02 1.02469406e+02
    6.44290100e+02 1.04345901e+02 5.78263306e+02 1.06235466e+02
    5.10974640e+02 1.08127716e+02 4.42934631e+02 1.09716667e+02
    3.73652740e+02 1.11626556e+02 3.02831177e+02 1.13519539e+02
    2.31442383e+02 1.15758339e+02 1.59631989e+02 1.18809982e+02
    8.60475403e+02 4.48609680e+02 8.01920105e+02 4.52348572e+02
    7.42759155e+02 4.56504730e+02 6.82197449e+02 4.60775787e+02
    6.20651489e+02 4.65727539e+02 5.58094482e+02 4.69575195e+02
    4.94096588e+02 4.73178558e+02 4.29030884e+02 4.77621735e+02
    3.62724640e+02 4.82920959e+02 8.67198547e+02 4.03632965e+02
    8.06417419e+02 4.06432739e+02 7.45232666e+02 4.10346252e+02
    6.82436157e+02 4.14387756e+02 6.18886353e+02 4.19732849e+02
    5.54229980e+02 4.24403564e+02 4.87582794e+02 4.26528748e+02
    4.20256500e+02 4.30384491e+02 3.51486237e+02 4.34511719e+02
    8.74460022e+02 3.55369141e+02 8.11594788e+02 3.58511047e+02
    7.47744263e+02 3.61457520e+02 6.83144104e+02 3.65115540e+02
    6.16892944e+02 3.69435425e+02 5.49703613e+02 3.73945679e+02
    4.80675201e+02 3.76976349e+02 4.10570190e+02 3.79896301e+02
